2
3
5
6
7
10
11
13
14
15
17
19
21
22
23
26
29
30
31
33
34
35
37
38
39
41
42
43
46
47
51
53
55
57
58
59
61
62
65
66
67
69
70
71
73
74
77
78
79
82
83
85
86
87
89
91
93
94
95
97
101
102
103
105
106
107
109
110
111
113
114
115
118
119
122
123
127
129
130
131
133
134
137
138
139
141
142
143
145
146
149
151
154
155
157
158
159
161
163
165
166
167
170
173
174
177
178
179
181
182
183
185
186
187
190
191
193
194
195
197
199
201
202
203
205
206
209
210
211
213
214
215
217
218
219
221
222
223
226
227
229
230
231
233
235
237
238
239
241
246
247
249
251
253
254
255
257
258
259
262
263
265
266
267
269
271
273
274
277
278
281
282
283
285
286
287
290
291
293
295
298
299
301
302
303
305
307
309
310
311
313
314
317
318
319
321
322
323
326
327
329
330
331
334
335
337
339
341
345
346
347
349
353
354
355
357
358
359
362
365
366
367
370
371
373
374
377
379
381
382
383
385
386
389
390
391
393
394
395
397
398
399
401
402
403
406
407
409
410
411
413
415
417
418
419
421
422
426
427
429
430
431
433
434
435
437
438
439
442
443
445
446
447
449
451
453
454
455
457
458
461
462
463
465
466
467
469
470
471
473
474
478
479
481
482
483
485
487
489
491
493
494
497
498
499
501
502
503
505
506
509
510
511
514
515
517
518
519
521
523
526
527
530
533
534
535
537
538
541
542
543
545
546
547
551
553
554
555
557
559
561
562
563
565
566
569
570
571
573
574
577
579
581
582
583
586
587
589
590
591
593
595
597
598
599
601
602
606
607
609
610
611
613
614
615
617
618
619
622
623
626
627
629
631
633
634
635
638
641
642
643
645
646
647
649
651
653
654
655
658
659
661
662
663
665
667
669
670
671
673
674
677
678
679
681
682
683
685
687
689
690
691
694
695
697
698
699
701
703
705
706
707
709
710
713
714
715
717
718
719
721
723
727
730
731
733
734
737
739
741
742
743
745
746
749
751
753
754
755
757
758
759
761
762
763
766
767
769
770
771
773
777
778
779
781
782
785
786
787
789
790
791
793
794
795
797
798
799
802
803
805
806
807
809
811
813
814
815
817
818
821
822
823
826
827
829
830
831
834
835
838
839
842
843
849
851
853
854
857
858
859
861
862
863
865
866
869
870
871
874
877
878
879
881
883
885
886
887
889
890
893
894
895
897
898
899
901
902
903
905
906
907
910
911
913
914
915
917
919
921
922
923
926
929
930
933
934
935
937
938
939
941
942
943
946
947
949
951
953
955
957
958
959
962
965
966
967
969
970
971
973
974
977
978
979
982
983
985
986
987
989
991
993
994
995
997
998
1001
1002
1003
1005
1006
1007
1009
1010
1011
1013
1015
1018
1019
1021
1022
1023
1027
1030
1031
1033
1034
1037
1038
1039
1041
1042
1043
1045
1046
1047
1049
1051
1054
1055
1057
1059
1061
1063
1065
1066
1067
1069
1070
1073
1074
1077
1079
1081
1082
1085
1086
1087
1090
1091
1093
1094
1095
1097
1099
1101
1102
1103
1105
1106
1109
1110
1111
1113
1114
1115
1117
1118
1119
1121
1122
1123
1126
1129
1130
1131
1133
1135
1137
1138
1139
1141
1142
1145
1146
1147
1149
1151
1153
1154
1155
1157
1158
1159
1162
1163
1165
1166
1167
1169
1171
1173
1174
1177
1178
1181
1182
1185
1186
1187
1189
1190
1191
1193
1194
1195
1198
1199
1201
1202
1203
1205
1207
1209
1211
1213
1214
1217
1218
1219
1221
1222
1223
1226
1227
1229
1230
1231
1234
1235
1237
1238
1239
1241
1243
1245
1246
1247
1249
1253
1254
1255
1257
1258
1259
1261
1262
1263
1265
1266
1267
1270
1271
1273
1277
1279
1281
1282
1283
1285
1286
1289
1290
1291
1293
1294
1295
1297
1298
1299
1301
1302
1303
1306
1307
1309
1310
1311
1313
1315
1317
1318
1319
1321
1322
1326
1327
1329
1330
1333
1334
1335
1337
1338
1339
1342
1343
1345
1346
1347
1349
1351
1353
1354
1355
1357
1358
1361
1362
1363
1365
1366
1367
1370
1371
1373
1374
1378
1379
1381
1382
1383
1385
1387
1389
1390
1391
1393
1394
1397
1398
1399
1401
1402
1403
1405
1406
1407
1409
1410
1411
1414
1415
1417
1418
1419
1423
1426
1427
1429
1430
1433
1434
1435
1437
1438
1439
1441
1442
1443
1446
1447
1451
1453
1454
1455
1457
1459
1461
1462
1463
1465
1466
1469
1471
1473
1474
1477
1478
1479
1481
1482
1483
1486
1487
1489
1490
1491
1493
1495
1497
1498
1499
1501
1502
1505
1506
1507
1509
1510
1511
1513
1514
1515
1517
1518
1522
1523
1526
1527
1529
1531
1533
1534
1535
1537
1538
1541
1542
1543
1545
1546
1547
1549
1551
1553
1554
1555
1558
1559
1561
1562
1563
1565
1567
1569
1570
1571
1574
1577
1578
1579
1581
1582
1583
1585
1586
1589
1590
1591
1594
1595
1597
1598
1599
1601
1603
1605
1606
1607
1609
1610
1613
1614
1615
1618
1619
1621
1622
1623
1626
1627
1630
1631
1633
1634
1635
1637
1639
1641
1642
1643
1645
1646
1649
1651
1653
1654
1655
1657
1658
1659
1661
1662
1663
1667
1669
1670
1671
1673
1677
1678
1679
1685
1686
1687
1689
1691
1693
1695
1697
1698
1699
1702
1703
1705
1706
1707
1709
1711
1713
1714
1717
1718
1721
1722
1723
1726
1727
1729
1730
1731
1733
1735
1738
1739
1741
1742
1743
1745
1747
1749
1751
1753
1754
1757
1758
1759
1761
1762
1763
1765
1766
1767
1769
1770
1771
1774
1777
1778
1779
1781
1783
1785
1786
1787
1789
1790
1793
1794
1795
1797
1798
1799
1801
1802
1803
1806
1807
1810
1811
1814
1817
1819
1821
1822
1823
1826
1829
1830
1831
1833
1834
1835
1837
1838
1839
1841
1842
1843
1846
1847
1851
1853
1855
1857
1858
1861
1865
1866
1867
1869
1870
1871
1873
1874
1877
1878
1879
1882
1883
1885
1886
1887
1889
1891
1893
1894
1895
1897
1898
1901
1902
1903
1905
1906
1907
1909
1910
1913
1914
1915
1918
1919
1921
1923
1927
1929
1930
1931
1933
1934
1937
1938
1939
1941
1942
1943
1945
1946
1947
1949
1951
1954
1955
1957
1958
1959
1961
1963
1965
1966
1967
1969
1970
1973
1974
1977
1978
1979
1981
1982
1983
1985
1986
1987
1990
1991
1993
1994
1995
1997
1999
2001
2002
2003
2005
2006
2010
2011
2013
2014
2015
2017
2018
2019
2021
2022
2026
2027
2029
2030
2031
2033
2035
2037
2038
2039
2041
2042
2045
2046
2047
2049
2051
2053
2054
2055
2059
2062
2063
2065
2066
2067
2069
2071
2073
2074
2077
2078
2081
2082
2083
2085
2086
2087
2089
2090
2091
2093
2094
2095
2098
2099
2101
2102
2103
2105
2109
2110
2111
2113
2114
2117
2118
2119
2121
2122
2123
2126
2127
2129
2130
2131
2134
2135
2137
2138
2139
2141
2143
2145
2146
2147
2149
2153
2154
2155
2157
2158
2159
2161
2162
2163
2165
2167
2170
2171
2173
2174
2177
2179
2181
2182
2183
2185
2186
2189
2190
2191
2193
2194
2195
2198
2199
2201
2202
2203
2206
2207
2210
2211
2213
2215
2217
2218
2219
2221
2222
2226
2227
2229
2230
2231
2233
2234
2235
2237
2238
2239
2242
2243
2245
2246
2247
2249
2251
2253
2255
2257
2258
2261
2262
2263
2265
2266
2267
2269
2270
2271
2273
2274
2278
2279
2281
2282
2283
2285
2287
2289
2290
2291
2293
2294
2297
2298
2301
2302
2305
2306
2307
2309
2310
2311
2314
2315
2317
2318
2319
2321
2323
2326
2327
2329
2330
2333
2334
2335
2337
2338
2339
2341
2342
2343
2345
2346
2347
2351
2353
2354
2355
2357
2359
2361
2362
2363
2365
2369
2370
2371
2373
2374
2377
2378
2379
2381
2382
2383
2386
2387
2389
2390
2391
2393
2395
2397
2398
2399
2402
2405
2406
2407
2409
2410
2411
2413
2414
2415
2417
2418
2419
2422
2423
2426
2427
2429
2431
2433
2434
2435
2437
2438
2441
2442
2443
2445
2446
2447
2449
2451
2453
2454
2455
2458
2459
2461
2462
2463
2465
2467
2469
2470
2471
2473
2474
2477
2478
2479
2481
2482
2483
2485
2486
2487
2489
2490
2491
2494
2495
2497
2498
2501
2503
2505
2506
2507
2509
2510
2513
2514
2515
2517
2518
2519
2521
2522
2526
2530
2531
2533
2534
2537
2539
2542
2543
2545
2546
2549
2551
2553
2554
2555
2557
2558
2559
2561
2562
2563
2566
2567
2569
2570
2571
2573
2577
2578
2579
2581
2582
2585
2586
2587
2589
2590
2591
2593
2594
2595
2598
2599
2602
2603
2605
2606
2607
2609
2611
2613
2614
2615
2617
2618
2621
2622
2623
2626
2627
2629
2630
2631
2633
2634
2635
2638
2639
2641
2642
2643
2647
2649
2651
2653
2654
2657
2658
2659
2661
2663
2665
2666
2667
2669
2670
2671
2674
2677
2678
2679
2681
2683
2685
2686
2687
2689
2690
2693
2694
2697
2698
2699
2701
2702
2703
2705
2706
2707
2710
2711
2713
2714
2715
2717
2719
2721
2722
2723
2726
2729
2730
2731
2733
2734
2735
2737
2739
2741
2742
2743
2746
2747
2749
2751
2753
2755
2757
2758
2759
2761
2762
2765
2766
2767
2769
2770
2771
2773
2774
2777
2778
2779
2782
2785
2786
2787
2789
2791
2794
2795
2797
2798
2801
2802
2803
2805
2806
2807
2810
2811
2813
2814
2815
2818
2819
2821
2822
2823
2827
2829
2830
2831
2833
2834
2837
2838
2839
2841
2843
2845
2846
2847
2849
2851
2854
2855
2857
2858
2859
2861
2863
2865
2866
2867
2869
2870
2874
2877
2878
2879
2881
2882
2885
2886
2887
2893
2894
2895
2897
2899
2901
2902
2903
2905
2906
2909
2910
2911
2913
2914
2915
2917
2918
2919
2921
2922
2923
2926
2927
2929
2930
2931
2933
2935
2937
2938
2939
2941
2942
2945
2946
2947
2949
2951
2953
2954
2955
2957
2958
2959
2962
2963
2965
2966
2967
2969
2971
2973
2974
2977
2978
2981
2982
2983
2985
2986
2987
2990
2991
2993
2994
2995
2998
2999
3001
3002
3003
3005
3007
3009
3010
3011
3013
3014
3017
3018
3019
3021
3022
3023
3026
3027
3029
3030
3031
3034
3035
3037
3039
3041
3043
3045
3046
3047
3049
3053
3054
3055
3057
3058
3059
3061
3062
3063
3065
3066
3067
3070
3071
3073
3074
3077
3079
3081
3082
3083
3085
3086
3089
3090
3091
3093
3094
3095
3097
3098
3099
3101
3102
3103
3106
3107
3109
3110
3111
3113
3115
3117
3118
3119
3121
3122
3126
3127
3129
3130
3131
3133
3134
3135
3137
3138
3139
3142
3143
3145
3147
3149
3151
3153
3154
3155
3157
3158
3161
3162
3163
3165
3166
3167
3169
3170
3171
3173
3178
3181
3182
3183
3187
3189
3190
3191
3193
3194
3197
3198
3199
3201
3202
3203
3205
3206
3207
3209
3210
3214
3215
3217
3218
3219
3221
3223
3226
3227
3229
3230
3233
3235
3237
3238
3239
3241
3242
3243
3245
3246
3247
3251
3253
3254
3255
3257
3259
3261
3262
3263
3265
3266
3269
3270
3271
3273
3274
3277
3278
3279
3281
3282
3286
3287
3289
3290
3291
3293
3295
3297
3298
3299
3301
3302
3305
3306
3307
3309
3310
3311
3313
3314
3315
3317
3318
3319
3322
3323
3326
3327
3329
3331
3333
3334
3335
3337
3338
3341
3342
3343
3345
3346
3347
3349
3351
3353
3354
3355
3358
3359
3361
3363
3365
3367
3369
3370
3371
3373
3374
3377
3378
3379
3382
3383
3385
3386
3387
3389
3390
3391
3394
3395
3397
3398
3399
3401
3403
3405
3406
3407
3409
3410
3413
3414
3415
3417
3418
3419
3421
3422
3423
3426
3427
3431
3433
3434
3435
3437
3439
3441
3442
3443
3445
3446
3449
3451
3453
3454
3455
3457
3458
3459
3461
3462
3463
3466
3467
3469
3470
3471
3473
3477
3478
3482
3485
3486
3487
3489
3490
3491
3493
3494
3495
3497
3498
3499
3502
3503
3505
3506
3507
3511
3513
3514
3515
3517
3518
3521
3522
3523
3526
3527
3529
3530
3531
3533
3534
3535
3538
3539
3541
3542
3543
3545
3547
3551
3553
3554
3557
3558
3559
3561
3562
3563
3565
3566
3567
3569
3570
3571
3574
3578
3579
3581
3583
3585
3586
3587
3589
3590
3593
3594
3595
3597
3598
3599
3601
3602
3603
3605
3606
3607
3611
3613
3614
3615
3617
3619
3621
3622
3623
3629
3631
3633
3634
3635
3637
3638
3639
3641
3642
3643
3646
3647
3649
3651
3653
3655
3657
3658
3659
3661
3662
3665
3666
3667
3669
3670
3671
3673
3674
3677
3678
3679
3682
3683
3685
3686
3687
3689
3691
3693
3694
3695
3697
3701
3702
3705
3706
3707
3709
3710
3711
3713
3714
3715
3719
3722
3723
3727
3729
3730
3731
3733
3734
3737
3738
3739
3741
3742
3743
3745
3746
3747
3749
3754
3755
3758
3759
3761
3763
3765
3766
3767
3769
3770
3774
3777
3778
3779
3781
3782
3783
3785
3786
3787
3790
3791
3793
3794
3795
3797
3799
3801
3802
3803
3805
3806
3809
3810
3811
3813
3814
3815
3817
3818
3819
3821
3823
3826
3827
3829
3830
3831
3833
3835
3837
3838
3839
3841
3842
3845
3846
3847
3849
3851
3853
3854
3855
3857
3858
3859
3862
3863
3865
3866
3867
3869
3873
3874
3877
3878
3881
3882
3883
3885
3886
3889
3890
3891
3893
3894
3895
3898
3899
3901
3902
3903
3905
3907
3909
3910
3911
3913
3914
3917
3918
3919
3921
3922
3923
3926
3927
3929
3930
3931
3934
3935
3937
3938
3939
3941
3943
3945
3946
3947
3949
3953
3954
3955
3957
3958
3959
3961
3962
3963
3965
3966
3967
3970
3973
3974
3977
3979
3981
3982
3983
3985
3986
3989
3990
3991
3994
3995
3997
3998
3999
4001
4002
4003
4006
4007
4009
4010
4011
4013
4015
4017
4019
4021
4022
4026
4027
4029
4030
4031
4033
4034
4035
4037
4038
4039
4042
4043
4045
4047
4049
4051
4053
4054
4055
4057
4058
4061
4062
4063
4065
4066
4069
4070
4071
4073
4074
4078
4079
4081
4082
4083
4085
4087
4089
4090
4091
4093
4094
4097
4098
4099
4101
4102
4103
4105
4106
4109
4110
4111
4115
4117
4118
4119
4121
4123
4126
4127
4129
4130
4133
4134
4135
4137
4138
4139
4141
4142
4143
4145
4146
4147
4151
4153
4154
4155
4157
4159
4161
4162
4163
4166
4169
4170
4171
4173
4174
4177
4178
4179
4181
4182
4183
4186
4187
4189
4190
4191
4193
4195
4197
4198
4199
4201
4202
4206
4207
4209
4210
4211
4213
4215
4217
4218
4219
4222
4223
4226
4227
4229
4231
4233
4234
4237
4238
4241
4242
4243
4245
4246
4247
4249
4251
4253
4254
4255
4258
4259
4261
4262
4265
4267
4269
4270
4271
4273
4274
4277
4278
4279
4281
4282
4283
4285
4286
4287
4289
4290
4291
4294
4295
4297
4298
4299
4301
4303
4305
4306
4307
4309
4310
4313
4314
4315
4317
4318
4319
4321
4322
4323
4326
4327
4330
4331
4333
4334
4337
4339
4341
4342
4343
4345
4346
4349
4351
4353
4354
4355
4357
4358
4359
4362
4363
4366
4367
4369
4370
4371
4373
4377
4378
4379
4381
4382
4385
4386
4387
4389
4390
4391
4393
4395
4397
4398
4399
4402
4403
4405
4406
4407
4409
4411
4413
4414
4415
4417
4421
4422
4423
4426
4427
4429
4430
4431
4433
4434
4435
4438
4439
4441
4442
4443
4445
4447
4449
4451
4453
4454
4457
4458
4461
4462
4463
4465
4466
4467
4469
4470
4471
4474
4478
4479
4481
4483
4485
4486
4487
4490
4493
4494
4495
4497
4498
4499
4501
4502
4503
4505
4506
4507
4510
4511
4513
4514
4515
4517
4519
4521
4522
4523
4526
4529
4530
4531
4533
4534
4535
4537
4538
4539
4541
4542
4543
4546
4547
4549
4551
4553
4555
4558
4559
4561
4562
4565
4566
4567
4569
4570
4571
4573
4574
4577
4578
4579
4582
4583
4585
4586
4587
4589
4591
4593
4594
4595
4597
4601
4602
4603
4605
4607
4609
4610
4611
4613
4614
4615
4618
4619
4621
4622
4623
4627
4629
4630
4631
4633
4634
4637
4638
4639
4641
4642
4643
4645
4646
4647
4649
4651
4654
4657
4658
4659
4661
4663
4665
4666
4667
4669
4670
4673
4674
4677
4678
4679
4681
4682
4683
4685
4686
4687
4690
4691
4694
4695
4697
4699
4701
4702
4703
4705
4706
4709
4710
4711
4713
4714
4715
4717
4718
4721
4722
4723
4726
4727
4729
4730
4731
4733
4735
4737
4738
4739
4741
4742
4745
4746
4747
4749
4751
4754
4755
4757
4758
4759
4762
4763
4765
4766
4767
4769
4771
4773
4774
4777
4778
4781
4782
4783
4785
4786
4787
4789
4790
4791
4793
4794
4795
4798
4799
4801
4803
4807
4809
4810
4811
4813
4814
4817
4818
4819
4821
4822
4823
4826
4827
4829
4830
4831
4834
4835
4837
4838
4839
4841
4843
4845
4846
4847
4849
4853
4854
4855
4857
4858
4859
4861
4862
4863
4865
4866
4867
4870
4871
4873
4874
4877
4879
4881
4882
4883
4885
4886
4889
4890
4891
4893
4894
4895
4897
4898
4899
4902
4903
4906
4907
4909
4910
4911
4915
4917
4918
4919
4921
4922
4926
4927
4929
4930
4931
4933
4934
4935
4937
4938
4939
4942
4943
4945
4946
4947
4951
4953
4954
4955
4957
4958
4962
4963
4965
4966
4967
4969
4970
4971
4973
4974
4978
4979
4981
4982
4983
4985
4987
4989
4990
4991
4993
4994
4997
4999
5001
5002
5003
5005
5006
5007
5009
5010
5011
5014
5015
5017
5018
5019
5021
5023
5026
5027
5029
5030
5033
5034
5035
5037
5038
5039
5042
5045
5051
5053
5055
5057
5059
5061
5062
5063
5065
5066
5069
5071
5073
5074
5077
5078
5079
5081
5083
5086
5087
5089
5090
5091
5093
5095
5097
5098
5099
5101
5102
5105
5106
5107
5109
5110
5111
5113
5114
5115
5117
5118
5119
5122
5123
5126
5127
5129
5131
5133
5134
5135
5137
5138
5141
5142
5143
5146
5147
5149
5151
5153
5154
5155
5158
5159
5161
5162
5163
5165
5167
5169
5170
5171
5173
5174
5177
5178
5179
5181
5182
5183
5185
5186
5187
5189
5190
5191
5195
5197
5198
5199
5201
5205
5206
5207
5209
5210
5213
5214
5215
5217
5218
5219
5221
5222
5223
5226
5227
5230
5231
5233
5234
5235
5237
5241
5242
5245
5246
5249
5251
5253
5254
5255
5257
5258
5259
5261
5262
5263
5266
5267
5269
5270
5271
5273
5277
5278
5279
5281
5282
5285
5286
5287
5289
5291
5293
5294
5295
5297
5298
5299
5302
5303
5305
5306
5307
5309
5311
5313
5314
5315
5317
5318
5321
5322
5323
5326
5327
5330
5331
5333
5334
5335
5338
5339
5342
5343
5345
5347
5349
5351
5353
5354
5357
5358
5359
5361
5362
5363
5365
5366
5367
5369
5370
5371
5374
5377
5378
5379
5381
5383
5385
5386
5387
5389
5393
5394
5395
5397
5398
5399
5401
5402
5403
5405
5406
5407
5410
5411
5413
5414
5417
5419
5421
5422
5423
5426
5429
5430
5431
5433
5434
5435
5437
5438
5441
5442
5443
5446
5447
5449
5451
5453
5455
5457
5458
5459
5461
5462
5465
5466
5467
5469
5470
5471
5473
5474
5477
5478
5479
5482
5483
5485
5486
5487
5489
5493
5494
5495
5497
5498
5501
5502
5503
5505
5506
5507
5509
5510
5511
5513
5514
5515
5518
5519
5521
5522
5523
5527
5529
5530
5531
5533
5534
5538
5539
5541
5542
5543
5545
5546
5549
5551
5554
5555
5557
5558
5559
5561
5563
5565
5567
5569
5570
5573
5574
5578
5579
5581
5582
5583
5585
5587
5590
5591
5593
5594
5595
5597
5599
5601
5602
5603
5605
5606
5609
5610
5611
5613
5614
5615
5617
5619
5621
5622
5623
5626
5627
5629
5630
5631
5633
5637
5638
5639
5641
5642
5645
5646
5647
5649
5651
5653
5654
5655
5657
5658
5659
5662
5663
5665
5666
5667
5669
5671
5673
5674
5677
5678
5681
5682
5683
5685
5686
5689
5690
5691
5693
5694
5695
5698
5699
5701
5702
5703
5705
5707
5709
5710
5711
5713
5714
5717
5718
5719
5721
5722
5723
5726
5727
5729
5730
5731
5734
5735
5737
5738
5739
5741
5743
5745
5747
5749
5753
5754
5755
5757
5758
5759
5761
5762
5763
5765
5767
5770
5771
5773
5774
5777
5779
5781
5783
5785
5786
5789
5790
5791
5793
5794
5795
5797
5798
5799
5801
5802
5803
5806
5807
5809
5810
5811
5813
5815
5817
5818
5821
5822
5826
5827
5829
5830
5833
5834
5835
5837
5838
5839
5842
5843
5845
5846
5847
5849
5851
5853
5854
5855
5857
5858
5861
5862
5863
5865
5866
5867
5869
5870
5871
5873
5874
5878
5879
5881
5882
5883
5885
5889
5890
5891
5893
5894
5897
5898
5899
5901
5902
5903
5905
5906
5907
5909
5910
5911
5914
5917
5918
5919
5921
5923
5926
5927
5930
5933
5934
5935
5937
5938
5939
5941
5942
5943
5945
5946
5947
5951
5953
5954
5955
5957
5959
5961
5962
5963
5965
5966
5969
5970
5971
5973
5974
5977
5979
5981
5982
5983
5986
5987
5989
5990
5991
5993
5995
5997
5998
5999
6001
6002
6005
6006
6007
6009
6010
6011
6013
6014
6015
6017
6018
6019
6022
6023
6026
6029
6031
6033
6034
6035
6037
6038
6041
6042
6043
6045
6046
6047
6049
6051
6053
6054
6055
6058
6059
6061
6062
6063
6065
6067
6070
6071
6073
6074
6077
6078
6079
6081
6082
6083
6085
6086
6087
6089
6090
6091
6094
6095
6097
6098
6099
6101
6103
6105
6106
6107
6109
6110
6113
6114
6115
6117
6118
6119
6121
6122
6123
6126
6127
6130
6131
6133
6134
6135
6139
6141
6142
6143
6145
6146
6149
6151
6153
6154
6155
6157
6158
6159
6161
6162
6163
6166
6167
6169
6170
6173
6177
6178
6179
6181
6182
6185
6186
6187
6189
6190
6191
6193
6194
6195
6197
6198
6199
6202
6203
6205
6206
6207
6209
6211
6213
6214
6215
6217
6218
6221
6222
6226
6227
6229
6230
6231
6233
6234
6235
6238
6239
6242
6243
6245
6247
6249
6251
6254
6257
6258
6259
6261
6262
6263
6265
6266
6267
6269
6270
6271
6274
6277
6278
6279
6281
6283
6285
6286
6287
6289
6290
6293
6294
6295
6297
6298
6299
6301
6302
6303
6305
6306
6307
6310
6311
6313
6314
6315
6317
6319
6322
6323
6326
6329
6330
6331
6333
6334
6335
6337
6338
6339
6341
6342
6343
6346
6347
6349
6351
6353
6355
6357
6359
6361
6362
6365
6366
6367
6369
6371
6373
6374
6377
6378
6379
6382
6383
6385
6386
6387
6389
6391
6393
6394
6395
6397
6398
6401
6402
6403
6405
6406
6407
6409
6410
6411
6414
6415
6418
6421
6423
6427
6429
6430
6431
6433
6434
6437
6438
6439
6441
6442
6443
6445
6446
6447
6449
6451
6454
6455
6457
6458
6459
6461
6463
6465
6466
6467
6469
6470
6473
6474
6477
6478
6479
6481
6482
6483
6485
6486
6487
6490
6491
6493
6494
6495
6497
6499
6501
6502
6503
6505
6506
6509
6510
6511
6513
6514
6515
6518
6519
6521
6522
6523
6526
6527
6529
6530
6531
6533
6535
6537
6538
6539
6541
6542
6545
6546
6547
6549
6551
6553
6554
6555
6557
6558
6559
6562
6563
6565
6567
6569
6571
6573
6574
6577
6578
6581
6582
6583
6585
6586
6587
6589
6590
6593
6594
6595
6598
6599
6601
6602
6603
6605
6607
6609
6610
6611
6613
6614
6617
6618
6619
6621
6622
6623
6626
6629
6630
6631
6634
6635
6637
6638
6639
6641
6643
6645
6646
6649
6653
6654
6657
6658
6659
6661
6662
6663
6665
6666
6667
6670
6671
6673
6674
6677
6679
6681
6682
6683
6685
6686
6689
6690
6691
6693
6694
6695
6697
6698
6699
6701
6702
6703
6706
6707
6709
6710
6711
6715
6717
6718
6719
6721
6722
6726
6729
6730
6731
6733
6734
6735
6737
6738
6739
6742
6743
6745
6746
6747
6749
6751
6753
6754
6755
6757
6758
6761
6763
6765
6766
6767
6769
6770
6771
6773
6774
6778
6779
6781
6782
6783
6785
6787
6789
6790
6791
6793
6794
6797
6798
6799
6801
6802
6803
6805
6806
6807
6809
6810
6814
6815
6817
6818
6819
6821
6823
6826
6827
6829
6830
6833
6834
6835
6837
6838
6839
6841
6842
6843
6846
6847
6851
6853
6854
6855
6857
6861
6862
6863
6865
6866
6869
6870
6871
6873
6874
6878
6879
6881
6882
6883
6886
6887
6890
6891
6893
6895
6898
6899
6901
6902
6905
6906
6907
6910
6911
6913
6914
6915
6917
6918
6919
6922
6923
6926
6927
6931
6933
6934
6935
6937
6938
6941
6942
6943
6945
6946
6947
6949
6951
6953
6954
6955
6959
6961
6963
6965
6967
6969
6970
6971
6973
6974
6977
6978
6979
6981
6982
6983
6985
6986
6987
6989
6990
6991
6994
6995
6997
6998
6999
7001
7003
7005
7006
7009
7010
7013
7014
7015
7017
7019
7021
7022
7023
7026
7027
7030
7031
7033
7034
7035
7037
7039
7041
7042
7043
7045
7046
7049
7051
7053
7054
7055
7057
7058
7059
7061
7062
7063
7066
7067
7069
7070
7071
7073
7077
7078
7079
7081
7082
7085
7086
7087
7089
7090
7091
7093
7094
7095
7097
7099
7102
7103
7106
7107
7109
7111
7113
7114
7115
7117
7118
7121
7122
7123
7126
7127
7129
7130
7131
7133
7134
7135
7138
7141
7142
7143
7145
7147
7149
7151
7153
7157
7158
7159
7161
7162
7163
7165
7166
7167
7169
7170
7171
7174
7177
7178
7179
7181
7183
7185
7186
7187
7189
7190
7193
7194
7195
7197
7198
7199
7201
7202
7205
7206
7207
7210
7211
7213
7214
7215
7217
7219
7221
7222
7223
7226
7229
7230
7231
7233
7234
7235
7237
7238
7239
7241
7242
7243
7246
7247
7249
7251
7253
7255
7257
7258
7259
7261
7262
7265
7266
7269
7270
7271
7273
7274
7277
7278
7279
7282
7283
7285
7286
7287
7289
7291
7293
7294
7295
7297
7298
7302
7303
7305
7306
7307
7309
7310
7311
7313
7314
7315
7318
7319
7321
7322
7323
7327
7329
7330
7331
7333
7334
7337
7338
7339
7341
7342
7343
7345
7346
7347
7349
7351
7354
7355
7357
7358
7359
7361
7363
7365
7366
7367
7369
7370
7373
7374
7377
7378
7379
7382
7383
7385
7386
7387
7390
7391
7393
7394
7395
7397
7401
7402
7403
7405
7409
7410
7411
7413
7414
7415
7417
7418
7419
7421
7422
7423
7426
7427
7429
7430
7431
7433
7435
7437
7438
7439
7441
7445
7446
7447
7449
7451
7453
7454
7455
7457
7458
7459
7462
7463
7465
7466
7467
7469
7471
7473
7474
7477
7478
7481
7482
7483
7485
7486
7487
7489
7490
7491
7493
7494
7495
7498
7499
7501
7503
7505
7507
7509
7510
7511
7513
7517
7518
7519
7521
7522
7523
7526
7527
7529
7530
7531
7534
7535
7537
7538
7539
7541
7543
7545
7547
7549
7553
7554
7555
7557
7558
7559
7561
7562
7563
7565
7566
7567
7570
7571
7573
7574
7577
7579
7582
7583
7585
7586
7589
7590
7591
7593
7594
7597
7598
7599
7601
7602
7603
7606
7607
7609
7610
7611
7613
7615
7617
7618
7619
7621
7622
7626
7627
7629
7630
7631
7633
7634
7635
7637
7638
7639
7642
7643
7645
7646
7647
7649
7651
7653
7654
7655
7657
7658
7661
7662
7663
7665
7666
7667
7669
7670
7671
7673
7674
7678
7679
7681
7682
7683
7685
7687
7689
7690
7691
7694
7697
7698
7699
7701
7702
7703
7705
7706
7707
7709
7710
7711
7714
7715
7717
7718
7719
7721
7723
7726
7727
7729
7730
7733
7734
7735
7737
7738
7739
7741
7743
7745
7746
7747
7751
7753
7754
7755
7757
7759
7761
7762
7763
7765
7766
7769
7770
7771
7773
7777
7778
7779
7781
7782
7783
7786
7787
7789
7790
7793
7795
7797
7798
7799
7801
7802
7805
7806
7807
7809
7810
7811
7813
7814
7815
7817
7818
7819
7822
7823
7826
7827
7829
7831
7833
7834
7835
7837
7838
7841
7842
7843
7845
7846
7847
7849
7851
7853
7854
7855
7858
7859
7861
7862
7863
7867
7869
7870
7871
7873
7874
7877
7878
7879
7881
7882
7883
7885
7886
7887
7890
7891
7894
7895
7897
7898
7899
7901
7903
7905
7906
7907
7909
7910
7913
7914
7915
7917
7918
7919
7922
7923
7926
7927
7930
7931
7933
7934
7937
7939
7941
7945
7946
7949
7951
7953
7954
7955
7957
7958
7959
7961
7962
7963
7966
7967
7969
7970
7971
7973
7977
7978
7979
7981
7982
7985
7989
7990
7991
7993
7994
7995
7997
7998
7999
8002
8003
8005
8006
8007
8009
8011
8013
8014
8015
8017
8018
8021
8022
8023
8026
8027
8029
8030
8031
8033
8034
8035
8038
8039
8041
8042
8043
8045
8047
8049
8051
8053
8054
8057
8058
8059
8061
8062
8063
8065
8066
8067
8069
8070
8071
8074
8077
8078
8079
8081
8083
8086
8087
8089
8090
8093
8094
8095
8097
8098
8099
8101
8102
8103
8105
8106
8110
8111
8113
8114
8115
8117
8119
8121
8122
8123
8126
8129
8130
8131
8133
8135
8137
8138
8139
8141
8142
8143
8146
8147
8149
8151
8153
8155
8157
8158
8159
8161
8162
8165
8166
8167
8169
8170
8171
8173
8174
8177
8178
8179
8182
8185
8186
8187
8189
8191
8193
8194
8195
8197
8198
8201
8202
8203
8205
8206
8207
8209
8210
8211
8213
8215
8218
8219
8221
8222
8223
8227
8229
8230
8231
8233
8234
8237
8238
8239
8241
8242
8243
8245
8246
8247
8249
8251
8254
8255
8257
8258
8259
8261
8263
8265
8266
8267
8269
8270
8273
8274
8277
8278
8279
8282
8283
8285
8286
8287
8290
8291
8293
8294
8295
8297
8299
8301
8302
8305
8306
8309
8310
8311
8313
8314
8315
8317
8318
8319
8321
8322
8323
8326
8327
8329
8331
8333
8335
8337
8338
8339
8341
8342
8345
8346
8347
8351
8353
8354
8355
8357
8358
8359
8362
8363
8365
8366
8367
8369
8371
8373
8374
8377
8378
8382
8383
8385
8386
8387
8389
8390
8391
8393
8394
8395
8398
8399
8401
8402
8403
8407
8409
8411
8413
8414
8417
8418
8419
8421
8422
8423
8426
8429
8430
8431
8434
8435
8437
8438
8439
8441
8443
8445
8446
8447
8449
8453
8454
8455
8457
8458
8459
8461
8462
8463
8465
8466
8467
8471
8473
8474
8479
8481
8482
8483
8485
8486
8489
8490
8491
8493
8494
8495
8497
8498
8499
8501
8502
8503
8506
8507
8509
8510
8511
8513
8515
8517
8518
8519
8521
8522
8527
8529
8530
8531
8533
8534
8535
8537
8538
8539
8542
8543
8545
8546
8547
8549
8551
8553
8554
8555
8557
8558
8561
8562
8563
8565
8566
8567
8569
8570
8571
8573
8574
8578
8579
8581
8582
8583
8585
8587
8589
8590
8593
8594
8597
8598
8599
8601
8602
8603
8605
8606
8607
8609
8610
8611
8614
8615
8617
8618
8621
8623
8626
8627
8629
8630
8633
8634
8635
8637
8638
8639
8641
8642
8643
8645
8646
8647
8651
8653
8654
8655
8657
8659
8661
8662
8663
8665
8666
8669
8671
8674
8677
8678
8679
8681
8682
8683
8686
8687
8689
8690
8691
8693
8695
8697
8698
8699
8701
8702
8705
8706
8707
8709
8710
8711
8713
8714
8715
8717
8718
8719
8723
8726
8727
8729
8731
8733
8734
8735
8737
8738
8741
8742
8743
8745
8746
8747
8749
8751
8753
8754
8755
8758
8759
8761
8762
8763
8765
8767
8769
8770
8773
8774
8777
8778
8779
8781
8782
8783
8785
8786
8787
8789
8790
8791
8794
8795
8797
8798
8799
8801
8803
8805
8806
8807
8809
8810
8813
8814
8815
8817
8818
8819
8821
8822
8823
8826
8827
8830
8831
8834
8835
8837
8839
8841
8842
8843
8845
8846
8849
8851
8853
8854
8855
8857
8858
8859
8861
8862
8863
8866
8867
8870
8871
8873
8877
8878
8879
8881
8882
8885
8886
8887
8889
8890
8891
8893
8894
8895
8897
8898
8899
8902
8903
8905
8906
8907
8909
8911
8913
8914
8915
8917
8921
8922
8923
8926
8927
8929
8930
8931
8933
8934
8935
8938
8939
8941
8942
8943
8945
8947
8949
8951
8953
8958
8961
8962
8963
8965
8966
8969
8970
8971
8974
8977
8979
8981
8983
8985
8986
8987
8989
8990
8994
8995
8997
8998
8999
9001
9002
9003
9005
9006
9007
9010
9011
9013
9014
9015
9017
9019
9021
9022
9023
9026
9029
9030
9031
9033
9034
9035
9037
9038
9039
9041
9042
9043
9046
9047
9049
9051
9053
9055
9057
9058
9059
9061
9062
9066
9067
9069
9070
9071
9073
9074
9077
9078
9079
9082
9083
9085
9086
9087
9089
9091
9093
9094
9095
9097
9098
9101
9102
9103
9105
9106
9107
9109
9110
9111
9113
9115
9118
9119
9121
9122
9123
9127
9129
9130
9131
9133
9134
9137
9138
9139
9141
9142
9143
9145
9146
9147
9149
9151
9154
9155
9157
9158
9159
9161
9165
9166
9167
9169
9170
9173
9174
9177
9178
9179
9181
9182
9183
9185
9186
9187
9190
9191
9193
9194
9195
9197
9199
9201
9202
9203
9205
9206
9209
9210
9211
9213
9214
9215
9217
9218
9219
9221
9222
9223
9226
9227
9229
9230
9231
9233
9235
9237
9238
9239
9241
9242
9246
9247
9249
9253
9254
9255
9257
9258
9259
9262
9263
9265
9266
9267
9269
9271
9273
9274
9277
9278
9281
9282
9283
9285
9286
9287
9289
9290
9291
9293
9294
9298
9299
9301
9302
9303
9305
9307
9309
9311
9313
9314
9318
9319
9321
9322
9323
9326
9327
9329
9330
9331
9334
9335
9337
9338
9339
9341
9343
9345
9346
9347
9349
9353
9354
9355
9357
9358
9361
9362
9363
9365
9366
9367
9370
9371
9373
9374
9377
9379
9381
9382
9383
9385
9389
9390
9391
9393
9394
9395
9397
9398
9399
9401
9402
9403
9406
9407
9410
9411
9413
9415
9417
9418
9419
9421
9422
9426
9427
9429
9430
9431
9433
9434
9435
9437
9439
9442
9443
9445
9446
9447
9449
9451
9453
9454
9455
9458
9461
9462
9463
9465
9466
9467
9469
9470
9471
9473
9474
9478
9479
9481
9482
9483
9485
9487
9489
9490
9491
9493
9494
9497
9498
9499
9501
9502
9503
9505
9507
9509
9510
9511
9514
9515
9517
9518
9519
9521
9523
9526
9527
9529
9530
9533
9534
9535
9538
9539
9541
9542
9543
9545
9546
9547
9551
9553
9554
9557
9561
9562
9563
9565
9566
9569
9570
9571
9573
9574
9577
9578
9579
9581
9582
9586
9587
9589
9590
9591
9593
9595
9597
9598
9599
9601
9602
9605
9606
9607
9609
9611
9613
9614
9615
9617
9618
9619
9622
9623
9626
9627
9629
9631
9634
9635
9637
9638
9641
9642
9643
9645
9646
9647
9649
9651
9654
9655
9658
9659
9661
9662
9663
9665
9667
9669
9670
9671
9673
9674
9677
9678
9679
9681
9682
9683
9685
9686
9687
9689
9690
9691
9694
9695
9697
9698
9699
9701
9703
9705
9706
9707
9709
9710
9713
9714
9715
9717
9718
9719
9721
9722
9723
9726
9727
9730
9731
9733
9734
9735
9737
9739
9741
9742
9743
9745
9746
9749
9753
9754
9755
9757
9758
9759
9761
9762
9763
9766
9767
9769
9770
9771
9773
9777
9778
9779
9781
9782
9785
9786
9787
9789
9790
9791
9793
9794
9795
9797
9798
9799
9803
9805
9806
9807
9809
9811
9813
9814
9815
9817
9818
9821
9822
9823
9827
9829
9830
9831
9833
9834
9835
9838
9839
9841
9842
9843
9845
9847
9851
9853
9854
9857
9858
9859
9861
9862
9863
9865
9866
9867
9869
9870
9871
9874
9877
9878
9879
9881
9883
9885
9886
9887
9889
9890
9893
9894
9895
9897
9899
9901
9902
9903
9905
9906
9907
9910
9911
9913
9914
9915
9917
9919
9921
9923
9926
9929
9930
9931
9933
9934
9935
9937
9938
9939
9941
9942
9943
9946
9949
9951
9953
9955
9957
9958
9959
9961
9962
9965
9966
9967
9969
9970
9973
9974
9977
9978
9979
9982
9983
9985
9986
9987
9989
9991
9993
9994
9995
9997
9998
